BuildingID	ActualTemp
4	58
17	68
18	73
15	63
3	74
4	56
2	58
16	73
9	69
12	57
15	70
7	62
15	73
6	61
20	59
8	56
6	57
13	57
4	58
7	55
17	72
9	69
20	65
6	61
18	71
8	71
14	68
15	56
13	77
5	63
3	66
18	60
11	65
9	69
10	78
19	72
2	73
10	75
2	68
6	77
3	67
2	64
1	68
5	75
4	58
9	77
2	73
12	75
5	65
2	65
14	56
9	67
6	68
20	63
17	63
18	78
7	61
2	65
9	59
6	67
7	79
12	72
18	57
6	56
9	71
10	79
15	72
11	76
16	67
14	74
2	76
20	69
12	77
1	68
6	57
12	55
19	55
19	58
6	75
16	75
14	55
3	68
19	63
2	65
20	55
9	67
14	75
17	62
2	77
12	57
12	65
13	72
6	67
15	65
7	73
5	70
1	72
9	80
9	76
15	79
11	70
6	70
7	78
16	60
10	65
13	79
16	65
13	64
10	55
3	59
3	64
11	76
16	68
17	80
12	66
19	68
9	80
14	79
6	64
2	60
7	60
16	74
15	80
7	71
3	68
11	59
13	63
19	78
4	67
17	67
4	60
7	63
6	60
2	78
6	71
14	55
12	68
1	61
10	57
15	67
9	72
4	70
17	59
19	76
9	66
2	59
17	67
20	59
20	70
9	61
7	64
7	71
20	61
5	56
19	77
18	66
4	60
17	67
7	80
17	57
3	59
1	65
4	77
7	56
1	66
5	64
1	77
1	68
2	66
11	60
16	66
17	79
19	63
8	63
16	78
4	78
17	59
11	63
6	61
20	67
3	59
19	76
11	71
20	78
12	69
20	71
18	71
20	71
1	57
10	80
9	78
5	66
9	77
15	67
16	58
5	80
2	60
6	55
10	74
14	64
14	62
6	77
12	61
5	60
1	62
15	63
4	60
18	61
12	80
8	57
8	73
10	60
11	67
12	72
5	76
9	57
17	77
9	58
8	79
20	68
19	56
17	62
4	64
2	72
16	55
20	77
17	72
7	64
19	64
1	80
2	62
9	56
9	69
1	57
6	70
20	68
15	73
3	74
16	76
8	73
17	55
3	77
12	72
14	69
10	70
3	78
17	77
11	75
4	71
13	60
9	65
13	74
9	79
13	57
9	71
12	77
1	59
13	71
2	66
5	77
9	74
12	77
19	74
2	79
16	69
9	66
3	72
19	78
18	65
8	68
16	72
19	68
2	75
15	64
11	75
10	75
13	69
1	72
1	57
13	74
18	63
14	66
3	70
14	62
3	65
15	58
11	69
7	69
15	66
8	79
10	64
19	64
1	80
10	61
18	55
12	62
17	62
16	55
15	60
10	58
8	76
17	74
4	76
5	57
5	66
1	71
16	71
15	73
16	74
2	73
20	78
5	66
6	61
1	73
14	71
2	71
9	66
18	67
20	74
6	57
5	71
14	67
9	59
5	80
6	71
12	63
10	69
17	66
2	76
12	62
1	66
9	63
1	69
19	63
2	70
4	55
8	77
19	75
18	78
12	78
8	67
4	71
1	62
5	68
3	72
19	71
10	66
8	61
13	66
10	69
20	61
1	67
18	56
16	62
3	71
16	60
2	76
8	55
13	58
16	77
12	58
13	61
18	68
2	69
11	72
17	73
14	69
17	69
4	64
14	79
15	69
5	69
13	71
1	62
17	57
9	74
17	69
4	64
8	64
19	78
8	75
17	56
3	77
5	71
13	56
9	79
9	59
15	75
14	57
6	75
3	56
15	70
8	67
3	55
16	58
13	60
13	56
8	71
19	60
13	59
11	61
17	57
18	72
14	57
11	80
4	78
11	65
10	59
1	58
8	60
8	78
17	65
17	74
10	65
12	68
11	59
12	57
7	68
13	72
15	59
6	74
8	64
5	62
10	60
3	67
1	55
19	59
7	74
18	58
16	60
14	70
15	79
13	55
20	61
16	67
6	79
1	69
17	62
6	61
13	67
14	59
9	68
9	56
16	59
9	58
9	72
4	60
13	61
6	68
14	76
1	64
9	58
18	56
14	58
9	64
12	57
12	71
10	64
13	72
18	65
4	73
19	66
11	76
4	65
18	67
4	71
10	59
11	77
10	59
2	78
10	76
13	73
19	59
9	77
15	55
11	72
11	64
6	61
15	57
5	64
19	66
16	62
16	60
5	77
5	78
15	56
11	78
6	74
17	55
5	59
2	69
4	78
13	68
3	69
5	67
20	68
20	74
7	78
10	56
19	70
5	64
12	60
3	75
1	77
11	74
2	77
20	67
20	73
3	60
3	73
19	57
4	66
16	80
5	67
18	57
14	64
2	65
13	78
16	80
14	76
10	58
12	64
4	55
5	55
9	80
13	70
17	68
2	78
12	75
15	60
15	70
2	78
20	70
16	72
17	62
5	71
10	76
20	68
16	80
10	57
9	74
5	62
20	57
16	70
5	61
7	63
17	62
10	68
10	56
17	73
19	62
19	70
16	63
9	75
17	66
11	58
8	63
6	58
3	74
8	74
18	63
5	77
18	66
17	63
18	69
12	56
17	62
15	77
19	57
3	68
15	79
7	74
17	66
18	62
6	66
7	77
1	64
2	79
20	80
4	77
11	76
12	68
9	62
7	80
3	75
5	73
20	62
6	71
18	69
9	56
5	80
18	62
7	63
13	75
2	55
17	80
16	58
15	71
18	79
6	61
15	75
15	57
6	69
10	61
18	59
12	78
5	65
16	76
18	73
13	59
3	67
11	67
14	77
17	67
5	75
16	67
18	71
6	78
6	61
7	80
20	66
13	63
12	66
16	77
2	69
8	69
10	67
7	73
2	77
3	77
12	65
12	66
16	63
13	64
9	72
1	76
4	72
7	61
15	62
1	65
9	75
7	76
10	61
10	64
15	55
14	72
2	75
19	70
5	57
19	63
10	55
18	71
7	66
15	59
16	58
10	64
9	56
13	65
16	56
12	69
9	65
10	61
5	58
20	79
11	64
14	65
16	69
9	70
9	80
9	68
9	68
19	66
3	66
12	69
11	57
6	57
6	64
1	64
8	67
9	72
13	68
9	55
7	66
11	67
18	74
7	58
20	80
3	60
9	55
7	58
2	56
12	73
9	68
3	59
8	65
8	74
11	73
10	68
7	56
10	56
11	63
20	61
11	57
10	62
4	70
1	69
16	78
1	79
1	60
12	73
15	55
19	67
10	55
9	79
10	75
15	80
8	78
6	73
2	69
10	65
8	62
16	58
10	64
20	66
4	70
19	60
11	70
6	74
20	69
19	56
12	80
20	71
8	62
2	73
10	60
3	77
3	73
4	61
3	58
5	79
8	63
16	74
14	56
8	68
10	75
14	67
2	78
10	70
9	73
9	62
6	57
7	59
7	64
3	77
5	55
14	62
20	61
16	73
14	59
2	76
18	73
2	62
2	68
14	55
5	79
2	76
11	60
3	68
18	61
8	64
11	67
16	76
16	63
5	65
19	69
13	71
18	66
2	78
16	68
14	65
3	69
2	56
9	66
18	57
7	66
6	56
5	76
4	79
6	80
16	70
16	64
12	61
7	68
9	56
6	63
12	56
3	66
1	68
8	63
3	79
17	80
7	71
18	71
13	74
20	63
2	57
18	56
15	62
9	67
1	65
14	80
4	76
1	70
15	68
19	77
18	58
2	60
16	64
18	65
4	63
13	73
9	65
10	63
2	76
6	68
7	77
9	79
4	56
1	67
13	57
10	75
3	77
6	76
19	62
18	73
11	66
15	79
12	67
20	73
8	74
11	58
15	65
16	76
18	66
18	78
5	74
10	76
6	65
11	73
11	78
5	65
16	67
16	62
16	71
3	66
11	77
7	80
9	73
1	60
4	63
11	71
20	59
4	69
11	71
9	73
2	75
2	65
5	78
1	71
4	61
10	58
12	73
4	70
4	76
8	56
11	75
12	76
20	66
7	72
18	75
19	72
12	80
6	63
2	77
20	66
11	59
2	59
3	75
2	80
6	68
19	59
10	55
17	68
17	64
20	61
10	71
14	59
13	80
20	76
17	61
1	77
11	72
1	55
4	65
6	60
7	65
7	77
19	65
4	57
18	55
3	56
11	55
11	63
12	66
18	75
8	60
1	80
4	68
9	74
17	66
16	66
13	68
4	75
4	69
4	75
8	66
10	58
14	56
2	58
3	72
15	60
13	61
10	72
3	63
17	60
13	78
4	73
13	60
1	77
3	62
12	62
18	58
19	79
18	75
1	60
5	74
9	70
13	69
11	69
16	67
14	64
4	58
16	67
9	64
8	74
18	78
10	63
20	57
2	70
7	74
6	56
6	68
1	72
11	66
13	55
14	56
20	56
16	59
10	61
20	63
12	68
6	69
1	74
12	68
7	61
16	77
12	59
6	68
12	74
10	77
2	63
8	75
1	74
14	57
8	72
18	75
16	69
6	76
18	59
7	66
19	62
18	69
17	78
10	80
6	59
15	60
6	66
5	57
8	73
7	67
17	65
15	78
11	75
3	78
7	69
15	63
10	70
18	71
8	66
4	59
3	67
12	79
13	77
8	76
7	63
6	64
12	71
12	65
12	59
5	68
1	55
5	72
12	71
6	62
17	76
2	68
2	64
12	80
7	72
8	57
10	61
10	76
2	55
6	65
4	61
6	76
13	79
5	64
15	80
17	57
7	77
16	77
4	56
13	67
4	76
7	63
4	66
13	79
2	77
5	56
10	79
10	61
10	61
20	80
1	70
12	70
3	56
11	65
11	76
13	65
18	59
15	75
4	69
12	71
15	80
6	58
13	75
5	78
19	61
5	56
9	69
11	65
7	63
7	61
8	69
19	56
16	75
11	79
4	79
19	79
16	76
14	77
11	71
17	64
15	60
11	68
17	77
4	72
7	63
5	55
7	80
5	57
17	61
17	66
16	65
11	55
14	63
10	69
10	71
11	70
19	71
18	62
12	79
13	58
20	60
12	70
20	58
8	75
4	70
20	64
16	61
6	70
4	75
19	65
16	72
2	68
5	58
17	59
10	72
16	59
19	62
3	66
5	72
6	67
16	71
16	79
18	73
3	57
12	58
17	74
15	80
10	69
11	64
1	80
1	75
14	78
3	63
18	75
16	75
12	62
18	67
8	65
11	63
8	64
5	76
5	73
9	64
17	75
17	79
16	70
1	65
10	73
16	77
7	79
15	77
15	69
10	69
12	64
2	57
15	77
6	73
10	69
18	76
4	74
1	56
10	67
2	79
13	61
7	72
14	68
1	62
15	63
4	69
17	59
19	59
16	61
3	57
6	78
13	68
18	61
3	55
20	65
1	80
12	56
15	62
17	62
1	71
7	80
12	66
8	56
10	68
9	69
12	65
4	74
7	75
7	69
2	75
16	64
14	57
1	63
3	71
17	56
4	60
13	70
8	70
15	72
20	60
9	76
15	64
16	65
13	56
4	61
13	71
17	56
17	60
13	78
9	59
2	63
4	75
15	72
7	69
9	70
18	56
19	77
1	57
19	59
9	70
18	56
10	62
5	79
2	75
20	64
12	71
13	63
7	74
17	79
14	63
13	67
4	78
19	67
16	64
18	69
1	78
4	62
11	67
16	76
7	65
12	68
13	55
4	60
6	80
19	66
13	66
6	58
19	80
6	77
3	76
13	75
1	66
7	64
1	59
13	72
12	59
14	57
5	79
19	78
14	76
10	72
12	69
15	63
16	80
14	56
20	66
3	58
5	67
8	75
3	64
6	72
3	67
2	69
16	60
15	74
4	80
9	58
16	62
7	69
9	74
11	66
3	64
3	68
11	64
3	63
12	63
17	79
5	56
9	76
16	77
18	73
10	62
8	71
10	59
4	64
8	72
17	78
12	69
10	70
12	72
3	63
13	77
14	65
4	71
3	64
16	75
18	58
10	62
6	79
20	57
13	63
14	61
18	78
15	78
1	62
4	72
2	77
12	69
7	80
17	76
7	74
10	60
10	77
13	75
20	59
8	70
5	55
12	77
1	66
12	76
5	55
9	79
6	55
4	73
6	77
8	75
7	60
12	65
17	70
10	77
12	67
19	55
1	64
14	75
1	63
15	61
18	74
8	65
3	64
12	73
5	63
11	74
4	72
15	58
17	66
10	66
2	74
1	64
15	60
2	55
18	75
6	65
9	66
16	56
14	74
15	66
5	69
11	74
5	56
20	80
15	60
16	68
4	76
20	79
18	77
13	61
6	61
10	56
17	64
6	60
2	68
2	58
12	72
2	72
16	56
16	64
6	55
10	57
18	57
4	79
1	74
3	73
15	58
9	79
6	57
18	63
11	57
2	79
17	73
3	65
1	79
11	64
20	79
8	65
6	65
11	63
12	69
6	80
7	64
16	60
5	80
8	74
14	75
5	65
16	61
19	80
10	64
5	59
6	58
12	66
11	62
19	77
3	62
4	61
16	70
11	61
5	70
18	69
5	63
3	72
3	61
10	61
15	70
19	77
2	77
15	60
16	67
20	70
2	59
4	76
1	72
11	75
3	60
14	55
19	74
13	62
16	75
5	63
1	69
5	56
11	59
13	56
19	62
15	56
17	64
6	60
4	74
20	55
13	56
2	57
14	79
13	66
15	71
19	75
20	74
13	64
16	80
1	74
1	64
9	62
3	78
20	58
13	66
7	66
13	79
15	80
7	55
8	80
19	58
19	56
15	75
4	76
6	67
13	60
3	55
11	61
5	68
8	62
13	73
4	72
3	77
7	67
14	69
9	76
11	78
8	64
4	75
11	55
7	79
17	63
12	60
5	66
15	67
5	60
3	65
11	73
18	66
10	63
20	72
3	64
3	56
9	73
16	61
16	69
3	63
11	76
7	55
15	70
14	79
8	71
2	75
15	72
11	57
19	62
2	70
10	62
2	67
4	69
10	75
18	80
15	77
5	67
20	74
2	73
16	55
12	68
18	71
15	80
3	79
5	64
8	72
15	61
2	64
7	59
5	60
14	72
11	67
4	57
7	73
4	70
17	68
17	80
3	61
11	69
20	72
20	78
9	80
19	73
14	70
17	62
16	71
11	69
5	78
5	73
17	62
17	55
17	74
16	73
19	75
14	76
12	70
11	77
10	62
20	58
20	66
4	62
3	74
14	59
5	71
7	62
20	74
16	63
20	68
1	69
6	67
12	68
3	70
3	60
15	59
17	69
3	72
8	71
10	56
9	57
18	57
9	78
3	71
18	70
11	68
9	74
16	64
18	72
19	72
1	59
4	80
18	71
3	62
2	57
6	74
18	68
11	78
4	57
5	77
10	62
3	66
16	56
9	75
6	67
10	74
12	66
13	62
7	71
15	58
20	75
12	68
11	65
3	77
12	68
6	64
11	57
18	59
13	72
12	76
15	69
20	77
3	60
1	74
16	77
12	78
3	67
16	59
12	76
15	72
6	69
5	72
16	57
12	72
18	59
4	56
2	58
4	79
10	66
15	71
14	76
16	76
16	77
19	79
18	64
11	74
13	61
5	69
7	72
20	73
19	72
11	78
7	80
10	57
1	77
2	65
19	74
14	55
11	63
13	76
3	78
10	67
18	62
19	55
14	73
15	69
10	72
16	59
3	55
3	58
14	56
14	69
3	79
6	76
8	56
5	78
18	55
15	80
8	61
15	77
8	70
1	71
7	61
8	64
7	65
16	59
18	71
10	64
16	65
9	66
18	61
3	57
19	71
20	70
8	58
9	66
14	71
12	66
14	60
2	76
7	72
7	73
3	74
8	74
11	66
1	76
6	78
18	67
2	64
14	74
10	74
9	67
17	60
18	78
6	66
2	75
8	61
15	78
10	66
18	79
14	60
14	72
18	76
20	65
2	59
8	76
2	71
2	73
8	62
2	79
1	58
8	64
18	64
5	60
17	64
5	71
1	78
8	67
6	60
19	70
20	73
1	69
12	63
16	65
2	56
17	58
7	58
3	73
15	56
10	78
2	58
15	64
14	76
7	74
19	61
20	60
14	72
19	67
7	66
7	71
4	60
5	63
2	73
14	68
13	55
7	78
12	59
9	71
1	56
14	77
6	65
8	63
18	71
7	74
18	70
18	76
10	73
11	55
15	77
13	64
20	66
19	56
16	75
7	65
15	70
11	58
4	73
5	67
19	70
8	71
16	57
4	66
14	69
6	62
13	56
8	68
7	73
11	60
10	66
20	61
6	74
13	59
1	67
18	59
5	69
10	61
17	60
16	79
2	59
6	62
20	79
5	73
3	71
19	55
11	67
3	65
3	57
18	74
15	79
8	77
18	71
13	56
9	60
8	67
13	70
16	77
19	69
12	72
11	69
17	64
12	69
6	74
5	59
18	63
6	65
6	58
10	65
4	76
13	74
2	71
5	78
13	62
18	63
1	65
17	71
14	71
12	61
18	64
16	69
4	75
2	68
7	77
14	68
6	63
18	78
9	76
16	74
13	76
10	64
15	64
3	60
8	77
6	71
17	77
10	73
7	62
17	60
14	55
20	75
19	71
6	67
2	69
6	78
11	73
17	75
5	72
4	65
1	59
17	62
8	67
1	74
1	71
8	72
10	61
3	77
11	64
15	65
5	75
10	64
10	62
10	68
20	79
11	63
13	65
15	74
10	80
19	80
3	59
19	59
19	74
3	73
2	64
8	74
17	58
16	78
5	68
18	67
2	66
3	79
9	78
9	74
2	61
1	58
18	57
19	76
4	57
11	73
20	61
18	75
5	72
1	65
12	70
15	76
10	69
2	57
13	61
10	66
19	69
7	68
14	76
15	63
17	74
13	78
4	64
12	60
10	75
11	58
19	60
5	56
17	57
10	55
9	71
4	63
4	65
15	71
1	59
17	73
4	75
14	67
10	68
4	78
8	68
18	62
13	80
19	74
2	67
6	65
2	73
19	76
4	74
1	62
4	73
19	62
20	75
16	77
17	66
5	58
1	70
6	55
10	61
20	80
17	80
18	75
19	64
6	68
14	61
7	72
3	60
15	64
15	61
9	59
15	77
15	57
9	66
17	55
8	64
16	75
15	77
19	59
19	80
8	55
11	71
20	63
2	80
17	59
15	74
13	66
20	67
13	75
1	73
14	68
7	55
20	71
4	62
4	70
12	74
16	72
18	74
7	65
10	73
10	67
12	78
9	61
2	66
16	77
20	79
12	76
1	57
12	73
3	62
13	71
12	69
10	79
17	55
18	76
3	58
1	62
5	69
14	63
10	56
6	60
3	59
6	76
5	55
4	57
6	75
10	63
12	77
2	71
1	79
8	63
10	62
14	58
7	66
6	76
5	55
7	67
17	70
1	64
8	61
17	70
4	80
6	77
15	63
11	71
8	74
15	74
12	74
10	62
8	66
19	77
15	79
2	71
5	64
2	57
10	66
5	80
14	62
9	68
4	80
10	80
15	58
4	79
18	59
13	73
14	61
4	76
3	79
3	70
17	60
2	76
6	63
13	76
19	61
1	59
16	70
13	71
20	58
4	65
2	70
12	65
5	68
17	75
8	79
20	62
19	62
5	60
14	76
3	55
7	77
20	74
20	61
19	62
5	78
16	57
13	57
3	71
18	64
16	67
7	68
3	56
10	63
15	72
19	56
19	64
14	57
12	70
1	61
7	77
5	78
3	63
6	66
4	69
7	63
11	62
9	67
15	61
15	69
8	79
4	71
16	62
5	57
7	70
14	60
4	63
13	71
17	76
1	68
8	77
9	60
5	60
11	56
17	77
2	79
18	66
5	66
19	71
11	69
17	72
17	76
20	61
12	67
10	78
18	63
13	66
4	80
17	67
16	70
10	74
4	74
11	79
5	65
6	73
1	73
14	62
16	59
17	76
12	71
9	61
19	57
19	58
10	76
17	80
17	56
3	69
18	56
8	71
16	69
2	59
12	67
5	68
2	78
20	56
14	73
12	58
11	75
3	65
10	55
2	80
1	71
20	56
4	80
18	78
5	68
12	77
17	75
4	70
19	67
1	76
8	72
16	74
7	79
10	66
1	56
11	57
5	80
20	67
1	71
1	74
10	60
19	80
14	71
17	71
15	73
7	56
16	63
5	75
8	76
13	55
11	64
13	79
13	69
20	57
10	57
1	77
8	77
16	71
3	77
16	65
15	73
18	71
16	62
6	74
17	80
17	57
5	57
4	58
16	63
4	71
18	75
7	74
20	58
17	62
7	56
16	58
1	70
14	63
10	63
9	58
13	59
14	60
19	65
6	80
17	80
4	77
4	66
18	59
16	65
16	63
6	64
14	67
18	68
11	66
4	80
16	59
5	71
1	62
12	55
5	71
16	68
2	71
16	77
12	64
16	56
19	61
3	65
19	64
13	56
9	73
15	67
18	80
12	59
6	77
2	78
17	56
19	59
3	80
14	63
14	68
3	67
8	72
7	69
20	58
12	65
11	79
15	78
11	63
11	59
15	55
17	71
3	67
5	75
15	67
14	62
3	58
16	75
13	69
13	80
13	55
2	78
2	74
8	77
2	78
1	68
9	66
13	57
15	75
15	55
5	67
1	56
18	78
20	59
8	74
16	56
20	72
9	74
17	72
7	65
14	62
16	74
6	60
16	56
9	61
14	60
1	66
6	80
18	65
12	78
10	57
6	74
20	79
4	63
19	80
13	60
14	76
20	74
8	61
20	71
19	70
3	56
19	72
2	78
9	56
10	55
15	61
4	69
4	56
4	73
4	78
12	64
10	76
12	55
17	58
17	79
4	70
14	69
16	70
17	76
16	71
3	78
17	62
14	73
13	66
16	62
18	74
19	78
18	69
14	64
17	59
10	73
20	57
7	57
16	63
15	71
18	80
16	71
11	68
11	80
20	69
19	77
1	56
15	55
12	58
10	57
20	76
2	59
5	59
5	63
2	65
11	79
1	75
12	61
17	75
1	65
11	71
16	74
8	73
20	78
9	79
14	80
8	57
16	75
7	76
4	80
8	68
7	70
19	55
20	80
11	57
6	66
15	72
4	66
14	72
6	79
19	62
9	73
12	76
3	61
20	76
10	70
13	76
19	80
13	56
12	78
5	69
3	61
9	60
3	66
9	69
1	71
3	68
17	64
19	77
20	75
11	68
8	69
16	67
3	64
7	69
19	64
10	63
12	74
8	73
17	73
4	56
6	78
16	73
12	61
6	74
4	63
10	77
8	64
6	63
18	66
17	68
5	78
5	75
16	72
1	62
3	65
13	77
16	73
8	60
4	60
15	72
15	66
16	60
1	79
16	76
16	68
15	62
12	77
16	74
17	75
17	65
6	65
12	68
3	76
14	63
15	72
17	78
12	56
8	77
14	57
6	72
2	76
16	64
6	67
4	73
3	77
18	80
20	61
9	63
16	71
2	61
7	76
11	55
15	59
20	74
3	76
14	68
17	60
20	69
3	58
18	78
18	67
19	64
18	71
18	77
18	72
17	60
17	72
13	72
11	65
3	74
16	75
4	73
2	55
15	60
9	69
5	60
17	64
17	79
2	63
9	59
1	60
9	76
14	55
2	70
12	65
17	57
7	76
17	71
17	70
5	79
8	78
6	56
18	63
14	80
12	79
14	63
16	76
15	80
12	76
9	58
12	63
11	57
5	75
14	72
19	70
11	64
1	57
6	74
16	73
6	55
10	63
17	73
10	76
9	69
8	79
4	58
9	57
10	57
4	67
12	76
20	59
2	58
7	68
2	58
12	58
12	66
13	72
3	80
12	77
19	69
6	70
7	62
3	79
14	76
19	63
1	73
12	71
6	62
4	58
5	63
15	70
9	65
2	55
15	69
17	61
8	70
20	59
6	74
1	60
9	62
15	78
11	79
1	61
16	77
1	66
17	78
7	72
17	62
17	67
11	73
3	69
8	65
12	58
14	57
6	69
20	55
6	58
9	68
5	58
10	62
13	63
13	59
18	72
1	70
13	78
14	60
20	76
4	64
4	79
5	66
16	65
9	62
2	78
8	77
12	60
4	56
2	72
12	64
12	62
2	63
19	76
16	65
5	69
11	58
12	67
7	68
4	64
14	75
11	55
19	58
13	63
19	64
9	61
17	77
13	58
8	75
12	79
13	72
6	59
3	59
5	55
10	60
10	73
9	77
6	80
3	76
7	76
20	74
1	59
8	62
9	64
12	76
11	62
18	57
16	65
16	55
13	55
1	74
10	78
7	65
9	69
9	61
14	75
19	77
7	61
11	73
9	68
11	72
2	76
4	79
5	70
18	76
1	70
2	57
4	76
17	70
11	78
2	70
11	68
11	71
17	66
11	71
5	77
6	55
9	58
4	78
6	68
11	73
18	56
14	70
4	74
15	74
16	55
18	59
2	78
12	73
19	80
17	78
8	78
3	64
17	72
8	57
16	74
5	65
6	74
15	78
14	62
14	59
4	57
13	68
16	70
7	74
7	63
1	59
11	66
17	66
5	73
7	74
19	59
8	58
12	62
1	69
17	73
15	58
5	55
2	60
6	66
19	78
8	58
6	55
18	72
11	74
6	75
2	62
7	76
17	73
2	73
10	63
10	78
20	79
1	55
10	65
6	56
3	55
15	67
9	62
17	56
18	67
10	72
4	75
4	64
19	79
7	75
15	70
10	56
3	77
20	71
6	67
18	66
2	60
10	70
9	65
16	61
4	71
6	63
14	67
15	75
11	70
8	72
13	66
3	57
16	56
17	56
3	76
19	78
12	72
10	72
19	79
10	68
12	62
12	56
5	67
9	69
7	69
12	79
16	74
3	79
10	58
10	66
14	68
7	57
18	66
7	66
19	55
18	69
4	60
12	61
9	63
1	57
19	75
15	66
16	63
5	68
12	60
13	67
16	79
9	70
3	70
9	64
12	79
12	78
8	67
11	74
3	57
13	62
20	63
11	57
18	55
10	73
12	62
13	71
20	58
3	59
7	59
2	78
16	60
19	72
17	57
1	71
15	59
1	66
12	57
8	61
18	55
16	72
9	72
6	80
18	69
7	55
8	77
3	70
8	74
1	60
7	71
14	60
10	77
11	77
18	55
10	80
9	79
15	66
4	69
12	78
14	58
8	78
8	60
2	63
17	71
1	79
9	58
16	74
6	59
12	58
18	70
10	69
2	72
16	59
16	68
6	65
16	75
17	65
19	74
19	60
6	78
11	63
10	69
2	71
15	78
10	60
4	61
2	77
3	64
7	56
13	64
11	72
5	67
17	77
11	68
12	66
17	70
2	68
7	63
13	68
15	55
18	77
1	73
7	55
14	66
16	60
6	76
18	60
1	67
10	65
20	56
7	64
4	57
3	64
11	74
9	80
3	72
6	73
12	69
12	57
12	73
12	58
15	58
16	79
12	77
5	55
18	76
18	74
1	68
11	72
14	80
14	79
1	72
10	63
15	63
10	63
13	69
6	68
15	77
5	79
16	55
14	80
13	74
12	65
12	56
15	59
11	61
15	67
3	69
16	59
10	78
14	64
9	78
6	68
4	74
20	57
20	72
19	79
5	56
6	67
4	63
20	62
13	55
7	55
14	71
17	62
17	67
3	59
12	63
19	77
13	76
5	80
2	59
18	58
10	58
9	80
10	67
3	76
1	55
13	72
8	71
10	75
14	74
20	71
1	64
18	63
11	59
4	75
19	55
3	67
7	68
3	61
2	80
20	70
12	64
18	57
2	76
1	64
13	62
10	80
3	73
14	65
6	57
1	72
6	76
6	62
14	58
12	61
20	80
8	79
16	60
18	62
18	72
10	74
6	78
8	55
14	72
9	64
1	67
11	61
17	72
19	72
17	68
19	77
8	77
10	65
16	59
12	56
7	72
3	80
18	61
3	57
17	74
18	59
20	58
5	67
15	60
13	79
13	56
13	67
7	70
16	73
4	56
6	74
16	66
11	76
5	72
6	68
14	56
18	56
6	62
19	62
16	63
9	57
2	61
10	77
16	79
17	65
5	79
10	76
5	77
16	78
7	58
10	72
3	63
8	55
2	79
17	65
17	56
14	75
1	73
10	80
11	72
11	63
10	64
2	69
20	71
15	65
6	70
5	55
18	75
6	62
8	58
15	80
13	65
14	64
16	66
10	70
4	70
12	62
16	65
13	64
17	75
6	79
12	73
7	71
16	73
12	62
18	79
7	77
4	70
20	62
18	60
10	78
9	58
1	60
7	60
10	74
2	75
5	73
2	68
16	79
17	79
11	55
4	76
17	63
18	79
12	77
10	65
15	56
13	74
19	65
1	61
20	74
3	78
6	63
9	69
13	70
4	59
20	56
7	64
15	68
18	70
15	56
19	77
12	68
18	62
12	77
4	60
6	66
16	68
13	76
14	76
10	78
12	76
13	61
14	75
13	62
11	76
6	64
20	68
2	56
2	66
3	76
8	73
18	70
7	72
20	69
13	71
12	74
14	64
15	61
15	55
19	74
20	63
15	66
2	79
13	57
15	73
6	78
14	68
7	56
11	59
20	77
6	69
19	69
4	55
10	60
14	63
3	55
12	72
19	77
13	56
12	62
4	55
19	61
9	68
1	62
14	66
7	65
4	58
10	69
6	70
3	79
11	56
2	80
13	67
14	64
4	60
6	58
15	55
20	59
6	60
2	67
13	75
4	71
8	60
19	71
1	79
7	61
5	72
2	80
19	60
3	76
14	67
12	72
10	70
3	56
15	63
17	62
13	62
13	58
6	56
3	76
3	60
18	57
2	77
16	78
3	65
1	76
4	77
17	73
3	71
6	73
9	63
12	73
4	57
5	55
9	57
15	57
14	74
10	73
1	77
10	72
15	77
3	79
20	76
11	77
4	64
2	66
12	56
12	76
4	62
12	76
5	76
10	78
12	79
12	58
12	55
19	76
13	68
13	59
16	65
12	68
2	66
6	70
4	72
14	76
8	75
8	66
17	59
4	57
9	63
12	65
11	61
1	61
9	63
10	74
5	70
9	73
12	76
4	78
10	71
12	68
19	66
5	74
3	74
6	71
1	64
4	58
16	70
5	79
12	63
4	66
8	61
14	69
12	73
4	75
6	62
18	72
5	77
17	70
18	69
15	73
16	58
10	70
20	71
14	72
16	66
13	63
8	68
9	69
12	65
12	66
8	67
5	61
6	77
5	66
16	56
11	72
17	80
7	73
9	67
5	63
12	69
1	63
7	70
7	58
14	73
5	63
3	68
17	65
13	71
3	78
1	68
11	67
17	67
4	66
15	59
19	70
16	63
8	71
12	65
1	61
5	59
2	60
2	74
1	79
14	64
17	55
13	76
15	72
15	76
15	57
8	68
3	57
13	71
19	67
15	73
2	69
18	77
11	78
9	71
11	64
17	68
10	76
9	69
12	57
3	73
20	80
6	70
6	55
13	76
5	78
16	64
2	69
10	72
8	79
13	76
6	69
15	72
12	63
11	62
16	58
19	57
19	60
16	65
16	66
1	69
1	60
11	61
14	64
5	58
3	56
12	63
8	61
13	55
18	80
4	78
20	63
7	60
13	67
19	63
20	63
13	76
16	67
19	56
15	57
2	71
16	63
3	55
1	60
2	75
11	79
2	66
14	75
4	65
15	64
9	73
10	73
17	59
12	76
12	63
2	73
6	69
2	69
17	62
10	78
5	76
17	65
5	72
17	73
7	79
10	70
12	72
10	74
14	67
17	80
19	69
7	56
16	77
5	57
10	61
3	71
11	61
11	76
15	60
12	76
13	56
3	62
8	65
20	68
2	66
11	77
14	70
6	76
14	68
10	69
19	78
13	79
20	64
4	72
18	75
4	59
16	63
1	66
9	60
14	62
19	64
20	73
5	75
18	66
2	59
13	67
15	75
9	61
12	55
20	58
18	57
20	69
18	63
14	58
18	57
4	67
18	61
18	74
17	78
9	74
7	73
14	78
12	69
5	74
17	68
18	79
14	78
2	79
5	72
13	58
7	61
1	80
4	56
7	70
13	60
9	55
10	64
10	62
13	67
18	60
16	66
16	63
9	58
7	76
7	69
10	73
6	69
13	73
17	73
7	58
17	64
5	66
9	79
9	77
7	62
13	79
19	79
1	58
20	68
6	79
11	61
1	65
8	61
10	75
20	70
1	55
16	67
1	58
7	63
10	78
8	72
18	67
17	77
9	72
16	66
17	56
4	72
11	68
8	63
6	76
14	68
12	73
18	72
13	78
16	57
7	65
10	72
1	67
6	76
18	61
20	67
19	61
10	78
1	68
12	57
6	72
11	61
17	63
3	60
1	56
1	55
14	73
4	69
7	66
9	78
14	75
1	76
19	77
12	66
7	77
20	76
17	66
15	56
3	68
10	56
13	74
6	70
3	61
10	60
4	68
1	62
16	78
17	57
13	76
17	78
10	66
5	74
19	80
14	69
9	69
19	76
2	72
4	66
6	72
10	63
3	74
1	76
20	70
18	64
6	75
11	62
6	56
10	62
7	79
13	55
1	72
14	73
20	80
2	64
6	72
15	72
9	59
15	76
11	80
3	61
2	76
19	74
9	57
13	65
11	63
13	69
11	70
16	57
2	70
8	79
1	79
5	71
20	75
17	65
16	70
20	63
3	61
7	58
17	76
13	74
7	78
18	61
5	71
16	78
3	75
8	67
18	63
1	57
12	59
8	72
19	72
9	65
2	72
5	71
1	62
17	61
19	70
1	80
14	57
1	73
3	58
10	62
8	68
3	68
12	64
7	79
17	75
2	69
4	74
7	65
14	65
3	59
19	68
18	73
8	58
19	55
18	57
6	59
3	73
2	63
17	60
10	80
6	80
1	62
11	67
6	56
17	58
11	57
14	67
2	61
1	64
7	56
19	80
7	78
16	79
8	77
13	79
1	74
10	74
14	72
1	64
10	74
19	76
19	63
4	80
20	62
5	64
2	60
14	68
20	61
6	72
18	71
12	60
8	68
14	65
18	70
7	67
11	75
17	79
9	68
17	75
9	78
7	68
12	77
17	65
6	62
13	80
13	70
4	61
14	59
13	59
18	64
15	65
3	55
6	70
16	69
20	75
20	76
17	71
10	73
16	72
11	75
8	80
8	77
4	74
4	69
5	57
16	55
5	74
1	77
8	74
12	79
8	80
10	76
20	58
20	66
18	56
20	79
20	60
18	76
4	80
2	66
6	78
8	69
2	79
10	71
5	79
5	77
6	78
16	66
3	77
16	58
15	79
4	63
14	66
8	68
10	78
8	75
15	67
19	65
16	73
15	75
5	79
17	65
18	61
9	58
18	79
11	56
2	70
15	75
15	56
8	67
5	67
4	69
1	55
15	63
6	78
18	61
5	68
17	59
14	75
16	80
8	68
20	58
11	68
17	73
8	71
10	64
2	75
4	75
17	70
4	57
1	62
3	75
3	73
18	55
3	73
7	59
8	76
1	56
19	64
9	58
13	57
4	61
8	60
17	74
20	60
5	59
7	79
10	59
7	74
13	68
11	70
4	78
18	77
20	68
6	69
3	75
19	75
2	63
16	72
13	75
18	57
7	77
7	78
7	75
7	66
2	61
18	61
6	74
2	76
11	71
2	61
5	71
7	77
15	66
15	72
6	79
19	67
12	59
5	76
3	79
11	77
11	67
7	65
16	80
20	67
6	57
2	79
1	59
13	61
3	55
4	61
6	69
9	59
20	62
11	67
15	68
12	78
6	70
8	68
10	61
17	78
18	60
9	74
4	56
16	74
6	79
7	57
15	60
3	77
9	71
11	71
1	77
12	61
15	66
3	56
8	61
1	70
1	60
7	75
16	79
12	65
9	78
8	55
2	79
5	73
20	57
6	75
20	66
8	55
13	60
16	79
12	75
18	79
4	66
12	63
13	58
13	74
1	60
13	70
17	65
5	75
12	78
14	72
12	69
15	65
8	80
1	64
11	57
16	73
3	57
12	60
4	75
5	77
18	72
20	71
13	80
1	67
9	78
19	67
8	62
10	70
17	63
20	76
12	80
17	72
2	71
16	64
19	62
10	58
19	72
5	73
15	68
10	75
18	66
19	78
1	62
3	63
17	55
17	59
19	68
2	79
3	71
16	63
9	56
16	61
7	74
17	68
10	66
1	55
7	61
1	62
19	73
20	75
17	72
6	60
5	63
7	76
6	66
5	62
3	68
13	79
2	70
9	65
3	79
15	73
3	74
5	55
13	59
11	65
17	73
7	70
20	65
6	61
8	75
8	62
4	58
19	75
3	63
12	70
4	69
6	65
1	69
18	57
13	65
18	61
20	56
16	60
14	75
13	80
5	79
9	73
12	75
13	55
13	68
8	59
10	67
15	74
1	70
8	74
9	56
3	68
20	72
18	74
18	75
19	78
4	72
10	73
8	75
9	58
5	57
20	59
19	67
19	70
8	60
11	59
20	75
17	66
2	79
5	66
8	77
11	64
12	61
2	61
5	80
8	74
4	62
9	56
5	70
5	74
6	68
12	66
17	79
11	61
3	73
4	67
11	75
9	75
17	57
18	77
19	57
6	74
12	68
6	71
5	61
14	79
7	66
6	65
11	57
13	60
14	74
5	63
8	80
14	77
8	64
17	77
8	60
15	71
1	65
2	78
13	62
1	78
7	72
7	56
3	63
18	64
10	63
2	58
3	67
11	56
3	75
12	74
3	70
6	72
9	55
16	72
18	71
5	55
17	59
12	62
5	55
6	63
3	65
1	72
15	70
2	55
16	59
12	58
11	59
6	75
17	77
19	78
20	74
14	71
14	66
16	60
18	79
3	73
19	71
8	66
1	74
15	66
13	75
1	69
17	66
4	62
13	57
18	65
14	71
11	68
6	59
20	80
19	56
11	67
8	56
3	56
18	77
11	72
20	57
18	75
17	65
20	70
7	59
12	72
18	77
17	61
1	74
17	74
14	71
7	59
6	56
3	62
10	70
1	71
13	56
6	71
4	58
5	60
12	74
19	62
5	73
19	75
20	77
5	64
5	71
10	80
12	71
17	70
7	57
13	73
14	72
19	79
14	72
16	61
7	56
16	80
18	56
3	73
17	66
18	63
5	76
16	68
10	79
15	56
5	80
1	72
15	64
18	55
13	65
1	75
11	71
7	70
9	72
13	61
8	78
8	75
6	59
18	64
20	56
7	74
5	63
13	60
12	55
8	73
9	60
4	72
12	78
14	69
14	77
19	72
5	75
16	75
12	60
5	57
7	79
2	59
10	63
2	71
17	57
11	74
15	78
8	72
16	58
17	69
20	60
5	57
18	59
12	56
20	57
19	78
13	55
3	75
11	62
2	75
19	76
15	55
18	59
6	79
11	70
18	71
1	64
17	72
16	60
10	58
2	70
5	75
15	76
1	57
6	69
8	58
8	78
2	62
13	71
15	69
1	55
3	62
8	64
9	64
19	74
7	77
9	61
12	68
13	60
9	55
11	79
3	78
16	75
19	66
5	62
8	69
14	56
10	66
7	71
3	62
11	56
2	60
20	65
9	59
9	63
12	76
12	59
15	59
7	71
15	62
16	63
4	58
14	65
14	70
10	71
11	72
5	66
19	75
5	77
19	61
7	79
15	61
2	56
4	72
16	61
10	69
5	60
18	65
1	57
10	57
12	75
16	79
5	69
4	62
16	80
16	59
20	63
10	62
14	64
4	60
2	65
8	73
9	63
12	55
18	69
5	69
19	72
11	70
13	61
10	78
2	57
11	64
10	60
15	58
14	64
11	59
18	66
4	67
3	57
6	63
1	57
3	74
20	63
4	57
11	69
13	57
18	56
10	55
16	72
6	80
13	68
6	77
18	63
10	75
11	77
19	56
15	62
7	80
15	62
7	57
11	55
18	61
19	58
19	56
20	76
19	69
11	74
18	75
1	61
19	57
17	66
5	76
2	62
15	75
6	55
7	70
6	65
11	80
9	63
1	58
6	70
19	59
8	59
12	67
20	67
12	61
17	61
3	73
8	62
1	68
14	66
18	70
13	58
7	80
10	77
14	77
4	67
12	69
2	56
6	59
4	57
15	61
15	61
14	64
2	76
11	65
20	76
11	56
19	80
19	79
13	62
12	80
18	58
6	65
14	78
15	70
12	66
20	69
10	58
10	79
9	55
7	79
9	64
17	73
16	77
14	65
12	77
2	63
4	77
20	74
16	64
18	60
20	59
10	77
19	80
16	68
9	79
2	56
8	74
5	64
13	75
11	68
7	76
8	71
13	61
7	63
10	76
13	56
11	58
10	69
5	73
19	76
15	64
5	78
13	59
16	74
3	58
14	61
1	56
14	59
18	70
10	61
16	64
19	56
17	55
1	72
3	56
7	73
6	63
19	80
16	76
20	77
16	60
1	74
19	78
19	77
19	74
4	61
8	80
11	58
1	63
13	76
19	69
1	55
18	71
2	55
15	65
1	79
4	58
10	77
20	68
9	62
9	63
13	79
19	66
18	75
12	73
7	64
5	64
1	67
6	55
9	60
8	55
1	66
15	74
12	60
7	66
1	77
12	56
4	68
19	60
10	67
13	69
9	61
17	78
17	68
11	74
7	76
11	75
12	72
3	75
17	70
18	63
2	70
10	57
4	79
13	67
19	77
20	63
18	60
15	77
13	67
17	61
8	63
15	77
12	56
1	62
11	57
13	56
5	61
8	59
1	65
7	70
8	61
18	60
7	68
6	75
11	69
17	69
5	76
7	74
1	70
18	68
4	55
10	64
6	70
2	57
1	73
10	70
7	69
1	80
8	60
10	58
20	63
3	56
18	58
5	59
12	56
2	80
15	80
20	76
2	72
17	72
15	67
20	77
2	58
13	78
15	78
2	74
9	65
17	78
5	78
13	80
20	77
1	74
6	59
4	77
16	80
5	68
2	59
13	74
8	64
2	71
7	66
15	60
17	63
19	78
12	77
10	73
11	74
14	79
3	78
7	71
1	79
15	69
3	69
10	72
6	66
15	77
17	63
15	58
19	75
2	68
14	67
18	60
1	59
5	67
6	71
1	75
18	58
6	66
17	79
19	68
5	73
18	58
3	73
19	79
15	75
18	61
16	65
13	77
20	70
12	80
9	64
20	63
19	67
16	57
4	78
7	55
5	70
6	70
5	59
4	69
16	78
10	66
18	72
18	70
11	78
12	60
18	63
16	72
19	73
2	74
2	78
12	61
5	61
16	66
11	71
16	76
15	62
14	59
17	57
5	64
2	64
14	55
4	75
18	66
15	75
15	60
7	73
8	60
19	72
9	61
10	66
7	68
12	56
19	59
6	77
20	56
20	60
20	77
20	66
17	68
8	67
12	64
19	74
19	60
10	79
14	60
14	73
3	78
13	68
20	63
4	56
3	79
6	71
9	71
11	63
12	55
16	71
19	63
20	80
18	72
2	66
7	73
12	74
2	59
9	61
17	65
13	71
12	67
8	72
15	66
11	67
1	66
15	76
12	68
10	61
12	75
2	61
10	69
14	60
7	58
20	75
3	64
15	78
1	76
13	80
1	73
17	76
13	65
2	67
6	59
16	79
11	78
3	66
20	59
9	56
9	56
13	65
6	64
5	70
9	62
15	72
19	78
10	60
2	69
13	78
18	76
16	74
4	63
15	66
18	69
18	71
18	71
8	73
10	63
1	70
1	79
1	63
8	69
7	62
3	59
15	77
7	60
13	68
12	79
17	78
8	75
9	71
11	61
20	71
2	64
12	67
7	80
12	77
10	65
18	78
9	75
7	55
8	67
3	69
17	68
19	80
17	80
13	70
8	77
2	62
10	56
15	78
19	79
9	58
14	61
13	63
14	65
17	55
19	56
20	61
5	56
10	74
19	64
15	78
7	69
10	68
5	78
5	71
3	69
4	62
4	69
17	59
8	72
12	79
2	79
12	74
7	63
17	76
11	66
9	64
12	75
4	63
14	73
15	59
11	80
10	73
7	64
11	78
5	72
4	55
14	69
14	78
11	55
15	63
2	80
9	64
11	56
16	57
17	55
8	68
7	63
9	66
8	69
8	57
8	56
20	58
15	73
9	80
1	58
6	69
15	78
14	59
2	57
5	68
10	69
2	66
11	57
8	78
17	62
16	77
6	77
9	60
16	75
16	67
17	70
15	72
2	75
12	72
6	62
18	59
7	61
9	75
4	59
12	70
16	60
20	76
15	62
9	76
9	71
10	63
12	64
18	67
16	58
5	68
8	65
9	66
10	80
10	75
12	72
8	62
7	68
7	74
6	67
5	76
17	66
9	58
20	60
19	77
2	68
10	69
2	60
2	69
3	65
9	55
2	57
15	74
10	68
9	59
6	56
3	67
4	68
19	59
3	59
6	80
10	67
16	71
8	56
17	56
14	74
19	68
8	61
13	76
13	65
16	71
14	67
15	68
7	78
15	66
1	58
13	65
9	58
20	80
15	67
8	64
20	62
3	58
9	60
5	78
7	80
11	56
15	79
18	65
20	60
19	59
12	75
4	76
6	76
1	55
8	66
9	56
16	57
11	68
7	65
15	64
6	61
18	66
20	74
18	72
10	79
7	70
14	55
9	77
10	64
16	66
20	71
2	63
6	55
5	76
6	70
1	65
19	76
6	58
14	77
1	71
20	55
4	64
1	77
18	69
13	68
8	75
11	72
18	71
11	74
4	57
12	79
12	76
14	57
9	79
10	64
16	58
12	60
5	61
2	75
15	70
5	80
18	61
6	73
4	60
13	55
4	64
3	63
2	57
1	60
19	75
13	75
11	60
13	74
11	58
13	58
10	58
12	57
3	79
7	62
8	59
9	70
20	57
9	74
17	55
6	60
3	78
18	58
3	67
15	69
20	69
2	65
15	58
9	72
17	66
1	76
6	73
5	70
14	61
5	79
2	60
1	64
3	69
14	80
6	74
3	55
14	73
20	78
2	59
4	55
17	74
6	74
18	69
2	72
4	79
19	70
18	72
5	63
11	72
3	78
12	69
13	66
8	61
8	78
14	56
18	71
12	61
7	65
6	70
1	72
3	63
1	70
7	68
9	55
7	72
12	77
9	77
10	79
7	73
14	65
11	80
1	68
13	60
13	59
15	80
7	79
16	57
8	62
7	78
17	60
11	76
14	77
17	62
8	65
19	64
2	57
19	60
2	55
14	69
5	78
20	66
8	72
17	62
19	72
9	59
20	70
20	78
17	60
7	59
5	56
20	58
13	57
12	69
18	60
9	55
10	62
12	57
13	60
19	68
7	80
11	59
9	57
7	74
15	78
4	77
12	58
20	63
18	70
12	77
8	70
6	76
6	71
20	58
10	60
9	63
1	62
19	79
2	76
6	80
10	73
9	70
4	72
4	62
11	63
20	70
17	71
1	62
1	64
15	71
20	72
17	57
18	73
9	60
1	79
10	61
9	70
13	62
10	68
4	69
20	58
8	56
15	73
19	57
13	66
20	63
14	57
7	59
2	73
20	62
7	55
3	63
9	73
18	68
18	75
2	70
16	79
6	74
8	63
17	58
1	56
13	64
15	60
6	68
15	67
10	79
19	73
20	73
19	78
20	71
3	63
6	80
8	65
11	58
2	66
19	65
20	70
10	64
4	75
18	56
13	80
16	67
18	58
15	63
19	73
4	70
13	68
10	68
13	60
15	69
20	76
5	70
3	77
15	75
8	75
17	75
7	62
1	55
18	70
14	71
12	74
18	68
6	69
4	74
17	78
8	58
20	56
14	80
14	76
14	70
13	80
13	60
15	58
9	63
4	69
2	72
2	57
2	66
8	72
2	79
15	76
12	69
2	58
13	80
20	75
16	75
19	58
1	80
3	80
18	71
17	73
15	64
15	67
15	56
17	57
19	77
18	60
7	66
17	60
20	79
10	75
7	57
6	79
10	67
17	74
14	75
17	78
8	58
4	64
10	80
17	55
20	61
10	75
6	73
9	69
20	63
8	80
9	74
12	72
3	70
20	78
19	79
13	70
15	57
14	71
18	71
19	78
11	71
16	57
5	71
19	72
11	60
3	58
2	68
16	76
11	65
14	72
20	65
7	74
16	65
18	66
7	67
14	56
5	78
11	75
3	77
3	69
13	59
7	72
19	74
14	57
5	57
20	58
18	79
10	66
20	76
6	77
4	75
5	63
16	75
7	55
20	70
1	76
16	68
12	61
4	74
10	56
20	62
1	78
2	74
4	78
1	78
12	77
15	63
6	64
1	80
6	77
3	56
12	64
17	60
2	77
4	55
13	68
14	65
5	56
20	76
17	77
5	78
7	66
20	56
9	76
14	58
18	65
18	65
10	77
14	68
10	75
20	55
18	73
11	76
6	66
10	68
15	64
8	55
11	65
6	64
2	62
10	73
13	75
8	77
11	75
15	65
6	74
2	78
11	59
13	71
6	62
6	59
20	65
8	60
13	56
9	76
3	71
10	62
5	57
17	77
18	76
17	56
2	77
9	73
15	65
8	77
19	65
17	73
12	66
14	62
15	75
7	80
6	66
13	55
1	71
17	68
1	74
12	67
17	68
8	62
15	70
2	67
3	77
3	65
14	74
15	56
12	71
6	72
18	57
12	75
20	77
16	66
16	71
10	71
15	80
18	69
12	73
12	70
5	78
16	69
4	60
3	63
11	66
15	79
20	64
15	78
13	70
5	57
2	80
13	76
6	77
2	76
5	56
19	79
18	73
14	76
15	68
14	70
20	71
5	78
1	67
4	67
6	75
8	55
11	71
18	78
13	56
4	62
14	63
8	74
9	70
15	78
13	80
8	76
1	77
20	57
8	78
4	57
11	78
7	58
10	72
16	67
3	72
15	78
8	70
20	72
9	57
12	56
10	80
11	62
6	75
6	71
17	65
9	62
4	57
16	77
15	65
9	79
4	66
20	64
12	74
1	60
6	58
12	64
5	57
8	79
11	72
15	78
9	55
7	59
3	65
13	76
9	58
14	60
10	63
5	70
14	63
14	72
1	77
18	55
15	76
11	68
10	60
8	64
19	70
13	78
20	75
6	57
7	78
4	55
3	62
14	66
4	79
5	63
1	75
2	67
15	67
11	70
5	72
8	55
13	78
19	69
13	77
11	61
3	67
5	55
2	56
17	62
7	61
10	56
4	61
9	59
5	66
20	64
7	65
1	77
17	55
19	65
10	65
20	76
14	60
9	74
3	67
15	79
20	61
14	55
11	75
16	57
15	75
17	76
5	76
15	70
1	74
7	67
6	76
7	78
20	59
7	76
15	71
4	80
4	57
12	56
18	78
8	79
20	65
6	79
2	63
12	79
2	69
9	57
6	77
16	62
11	78
3	61
15	65
9	61
11	65
5	72
11	63
20	77
15	65
3	75
12	63
17	71
5	63
15	71
3	71
11	70
1	75
1	65
12	56
4	69
9	74
8	57
3	72
12	66
17	70
6	64
4	66
18	64
15	69
20	56
1	63
2	64
14	64
18	79
4	74
11	68
18	77
1	62
6	77
2	62
8	75
4	70
8	58
14	61
5	68
11	66
18	74
3	62
18	59
19	57
14	59
9	70
6	68
11	71
3	66
17	58
5	62
13	57
13	74
11	59
7	57
3	70
7	78
20	77
5	57
18	61
8	69
19	60
20	62
7	74
15	57
19	78
4	63
20	76
14	72
12	55
10	55
8	60
15	55
14	68
6	59
8	80
14	56
3	68
10	58
4	79
10	62
4	66
15	80
14	59
15	59
8	64
1	74
3	63
8	80
19	71
13	70
6	58
14	58
13	55
3	72
1	73
18	73
18	74
14	66
11	76
10	66
12	61
6	60
3	75
16	73
12	61
18	57
1	71
17	64
12	74
4	73
14	79
13	71
5	76
4	63
8	75
7	74
16	58
8	55
6	74
4	60
4	56
16	65
5	59
5	78
2	60
8	56
11	69
14	77
18	77
6	79
8	58
16	72
6	78
17	59
1	63
7	59
11	56
2	78
16	65
20	77
15	58
5	74
19	69
8	80
16	77
20	71
7	75
5	62
7	71
2	80
15	58
14	61
5	67
4	77
20	57
16	60
2	76
4	66
19	70
13	62
10	74
18	56
7	76
6	62
7	58
2	72
7	74
12	76
18	80
11	67
13	60
17	67
6	61
16	68
14	60
20	67
13	58
11	58
9	79
19	61
6	74
4	74
7	76
5	56
3	59
17	55
15	76
18	71
15	58
2	73
10	70
18	69
6	79
9	78
7	75
11	64
4	63
3	59
9	80
9	62
15	55
12	64
17	66
11	59
20	75
17	62
13	55
14	76
20	61
17	56
20	77
20	70
6	55
11	70
18	56
8	55
4	57
13	59
16	61
17	79
17	64
17	75
15	74
6	62
9	66
3	78
17	70
20	55
3	69
7	71
3	71
6	62
9	61
1	60
15	60
10	71
17	55
12	77
20	59
19	65
11	64
12	65
17	59
2	80
7	56
3	74
2	68
16	79
5	57
15	78
3	64
3	66
7	68
17	61
2	59
20	55
11	71
8	76
13	67
7	78
6	70
15	65
12	76
18	77
11	58
17	66
20	71
2	58
19	69
5	68
20	64
13	60
9	64
7	58
7	75
13	66
5	63
10	59
16	71
3	59
11	77
2	77
17	56
17	69
10	75
19	79
1	70
15	63
19	60
17	56
5	64
11	59
2	56
14	66
14	67
12	68
3	60
1	77
7	64
8	78
5	71
17	74
20	70
3	70
5	60
19	61
5	79
3	62
1	77
11	64
2	56
9	64
17	56
12	70
3	61
17	60
3	70
4	59
6	56
3	79
7	72
7	75
4	77
11	68
18	57
3	59
6	62
13	60
9	57
19	72
5	63
7	58
4	74
7	62
13	71
7	78
5	56
13	64
3	66
18	72
17	57
20	63
17	63
8	79
4	77
9	68
14	75
13	70
14	67
3	64
1	58
1	77
1	80
9	55
5	61
16	59
14	55
11	61
8	69
7	66
7	62
9	61
14	72
10	63
16	79
15	65
6	56
13	61
3	71
17	73
18	73
7	59
20	66
1	68
7	75
18	75
19	76
20	72
18	77
6	72
1	79
16	65
9	76
3	80
13	68
20	79
19	61
7	77
3	63
7	78
13	58
12	75
5	58
1	75
7	76
9	63
5	66
2	71
2	59
15	61
6	62
14	77
20	69
12	79
19	58
3	73
2	70
5	57
16	63
19	75
7	72
14	69
16	76
9	77
8	67
14	66
6	79
16	62
13	66
1	57
10	61
18	57
12	76
11	62
9	70
20	59
18	58
13	67
4	72
12	57
6	68
15	59
12	73
6	71
1	57
15	63
9	64
17	80
4	75
3	76
13	71
9	65
5	55
20	76
7	75
17	74
12	55
3	63
13	66
15	66
12	62
1	59
18	65
9	56
20	63
13	56
12	71
9	61
4	79
2	63
5	58
11	58
2	66
14	59
18	77
19	68
5	75
1	69
12	72
7	70
18	69
3	79
10	70
16	68
8	60
10	56
10	68
20	71
16	59
4	67
5	65
18	76
1	63
1	56
19	59
5	60
13	61
11	72
11	75
11	76
15	80
15	56
3	73
12	64
19	74
1	61
1	66
7	73
5	59
14	59
1	64
12	72
2	58
8	78
5	72
14	75
4	67
5	71
17	69
12	72
9	56
7	62
8	70
18	77
9	65
14	75
1	62
11	79
13	71
2	64
10	63
1	66
7	71
8	68
10	68
3	79
4	74
20	63
9	76
3	72
12	66
5	61
7	61
18	58
12	62
14	63
16	62
16	59
17	80
4	68
3	79
9	63
14	74
7	62
12	59
14	70
10	79
11	79
15	75
7	73
4	71
17	59
3	80
7	71
20	77
20	72
6	77
8	63
10	59
5	60
17	72
18	70
13	63
9	74
13	70
10	58
9	56
13	66
14	72
11	79
11	76
5	66
9	58
11	60
1	58
15	58
1	79
18	64
8	55
7	71
9	69
14	62
9	64
15	69
11	65
7	70
8	74
13	71
20	55
6	78
20	59
5	77
15	78
2	74
1	66
2	76
18	60
15	55
1	74
12	69
20	58
13	75
3	63
3	64
17	80
20	71
15	75
19	74
15	59
5	60
11	79
19	63
13	56
9	63
11	74
2	72
10	77
7	79
20	79
5	61
4	78
16	75
3	69
13	59
4	73
17	57
2	62
17	71
14	61
1	66
1	60
6	62
3	69
12	79
10	63
1	62
7	60
17	73
9	76
6	70
13	72
1	80
8	77
12	66
6	69
15	64
15	77
17	59
16	61
16	76
2	73
6	66
3	79
3	56
17	73
17	80
20	75
10	66
2	74
1	70
15	70
4	67
3	73
3	63
9	56
6	67
17	57
7	73
17	58
5	60
6	61
20	64
18	74
10	62
2	56
9	64
13	73
15	64
1	78
15	68
13	65
7	70
15	62
18	66
2	78
8	57
11	57
10	72
6	59
11	72
16	74
1	59
10	78
7	75
13	79
18	59
5	68
20	78
3	72
3	64
8	76
8	80
8	75
1	66
20	66
6	63
10	62
7	61
1	59
18	80
13	60
7	68
15	62
20	60
11	77
5	77
8	78
5	77
8	65
15	69
7	62
10	68
17	57
16	72
8	76
5	74
17	79
19	73
9	77
7	68
20	64
20	63
18	65
2	78
11	56
1	73
15	80
2	56
13	56
5	61
13	66
19	62
6	60
3	65
5	57
5	67
18	76
2	67
3	56
10	71
20	74
10	77
7	74
8	67
15	61
9	63
2	78
8	58
10	73
4	74
3	55
13	68
18	66
9	57
4	60
4	63
8	65
7	66
18	68
5	65
3	76
13	56
12	55
18	78
17	76
19	64
12	68
15	74
9	78
9	76
20	70
12	67
12	68
4	56
18	55
19	67
20	62
5	58
9	73
9	59
12	73
16	68
16	79
10	75
5	78
13	59
4	80
13	74
18	63
3	77
7	70
19	60
1	61
10	56
13	65
6	66
11	80
8	56
2	66
16	65
6	68
1	66
18	62
3	74
2	79
13	75
7	75
2	58
2	74
1	61
19	67
13	71
4	60
6	68
18	75
19	65
11	55
8	80
11	56
8	71
20	57
20	59
10	73
9	58
17	78
13	71
2	75
11	68
6	64
16	67
12	72
7	55
12	56
20	56
16	79
13	63
10	69
6	74
7	60
19	63
8	74
5	71
14	57
14	73
3	75
3	56
13	79
11	75
8	71
16	73
18	62
19	70
6	74
12	66
7	70
1	77
15	56
1	70
16	59
18	67
13	76
9	62
4	71
16	74
9	70
20	68
4	67
20	63
4	75
15	72
18	58
3	68
2	80
3	69
15	75
1	59
1	62
6	61
5	68
19	61
5	74
19	61
11	76
18	79
13	56
13	73
3	79
15	78
13	67
11	63
8	67
1	77
11	67
6	75
11	64
15	67
10	61
5	68
5	72
20	80
11	78
7	64
4	67
18	61
17	60
18	68
16	57
8	76
11	55
19	56
16	71
17	75
8	71
1	77
3	62
9	62
2	65
9	74
9	65
16	64
16	55
10	69
7	79
4	60
12	64
7	80
5	77
13	76
9	75
10	79
7	64
17	73
3	65
2	80
4	56
14	76
2	76
14	62
4	73
8	76
4	68
7	77
3	58
2	69
20	65
20	72
10	58
11	65
12	71
20	58
10	60
7	68
15	55
18	80
18	62
5	75
18	69
6	79
18	73
16	60
9	60
20	67
18	75
1	66
1	66
9	67
11	69
14	56
5	67
17	58
5	79
12	63
18	57
12	79
17	66
12	77
9	63
19	57
20	66
8	77
15	59
18	61
14	76
16	67
13	59
14	63
9	73
5	57
9	60
4	72
5	56
6	71
17	70
6	76
16	57
13	57
4	69
17	64
10	78
19	77
20	68
5	62
18	78
2	80
9	57
16	68
9	77
18	64
5	65
2	62
4	61
19	55
18	72
5	76
2	78
2	80
17	59
19	74
20	55
15	69
2	78
9	71
8	56
9	68
2	67
8	77
16	75
9	77
4	73
19	80
9	63
6	60
4	58
4	69
14	58
14	58
13	66
19	64
6	68
12	73
10	58
14	56
2	71
12	61
15	71
14	64
17	60
9	58
8	80
17	58
19	66
6	74
6	55
18	76
19	66
18	59
17	58
18	78
20	63
10	58
8	74
20	62
2	77
16	65
5	75
3	76
6	76
19	61
2	64
20	80
17	70
4	71
11	60
6	56
16	68
2	57
19	77
6	71
16	77
14	71
2	78
8	73
6	70
18	71
18	61
11	69
2	76
6	62
12	79
7	72
13	69
9	74
18	74
2	80
2	73
16	73
6	62
18	59
5	66
19	79
9	80
20	65
4	73
6	66
1	57
17	67
9	66
14	63
19	77
6	68
10	80
6	67
16	66
10	63
11	56
19	80
16	62
9	63
7	75
19	59
6	63
7	71
2	71
9	55
2	75
19	78
1	62
2	79
7	69
12	71
13	78
2	68
15	59
12	73
14	68
20	75
14	69
1	70
20	61
6	59
8	60
14	74
19	57
12	61
8	71
17	73
20	64
3	65
7	71
6	62
2	65
15	64
7	59
3	75
7	56
1	68
10	61
2	65
3	55
20	68
4	56
3	58
2	77
3	67
11	55
2	66
15	64
17	77
3	57
10	65
7	55
5	76
7	65
10	59
12	55
6	60
6	55
4	74
4	70
13	70
2	76
20	69
6	69
10	70
5	59
9	65
11	68
20	69
9	70
7	80
9	59
7	60
8	72
5	65
7	80
5	66
12	77
1	69
18	65
2	67
1	80
13	74
1	72
4	65
19	63
19	69
15	69
9	79
6	56
4	69
9	55
16	74
9	76
4	55
6	69
2	65
4	78
14	73
19	78
2	67
1	64
16	55
13	60
17	75
4	65
4	75
20	76
9	63
10	76
3	65
9	79
12	61
10	76
5	58
19	67
15	76
8	71
14	76
5	58
10	79
11	63
9	66
8	59
9	68
19	70
6	77
8	55
1	77
4	64
5	77
12	60
16	59
20	61
19	58
14	73
8	73
11	59
20	79
4	67
1	57
10	63
7	58
20	59
11	65
6	74
10	56
13	77
10	76
20	67
6	63
9	61
15	71
19	67
1	73
10	58
3	66
12	58
18	67
10	71
8	72
20	71
12	69
10	71
20	80
5	60
2	74
4	67
17	68
20	55
6	66
4	74
7	73
8	56
20	80
10	75
10	70
14	58
19	55
15	73
6	55
17	75
7	55
10	55
8	80
8	75
18	58
8	57
9	78
11	62
9	73
7	74
12	75
14	55
6	75
11	65
16	72
18	78
19	80
13	56
9	71
14	78
15	78
10	62
3	65
2	69
15	69
20	72
15	77
1	62
17	72
5	71
14	73
15	60
13	77
17	63
9	64
19	70
4	57
13	76
10	73
4	56
7	68
3	78
14	66
3	65
2	57
9	74
4	67
1	70
16	55
12	66
11	71
5	65
3	63
8	74
19	60
8	76
4	71
3	69
8	56
12	77
3	56
7	61
7	65
16	58
12	77
13	64
2	74
18	58
8	67
8	76
4	72
12	78
12	79
20	73
8	72
1	78
2	79
4	77
16	55
6	80
7	73
17	72
8	58
17	78
17	60
14	70
1	61
12	76
1	58
9	65
15	78
8	63
10	56
3	62
1	70
19	76
19	71
4	56
5	69
1	59
12	64
15	71
4	71
18	75
15	58
4	80
17	59
19	72
8	76
2	78
11	61
20	67
11	64
11	73
7	60
5	63
11	67
12	55
15	59
15	79
6	74
16	68
20	71
1	73
2	79
20	58
17	58
1	59
11	75
7	57
6	56
4	80
3	79
20	74
19	78
16	76
18	55
16	55
5	77
14	78
18	74
11	71
15	69
20	80
1	75
15	79
4	80
16	77
8	62
20	69
7	73
8	66
6	56
5	61
14	55
1	59
19	71
13	63
13	63
5	73
5	65
2	65
18	58
8	69
10	68
3	73
13	61
17	70
3	68
10	55
2	73
12	63
2	78
11	61
3	71
13	77
7	80
13	68
8	68
9	75
14	79
5	61
10	79
10	74
19	56
1	64
3	65
1	80
17	64
18	61
12	59
1	67
6	76
2	60
8	72
9	63
17	70
8	67
8	65
19	74
19	56
4	75
13	73
16	65
2	55
12	67
1	69
4	61
10	57
11	74
4	74
14	75
14	66
5	79
6	60
2	55
17	74
18	57
8	61
19	78
9	74
7	68
2	66
20	61
7	65
5	70
18	63
6	80
8	63
12	61
2	66
19	75
11	65
19	58
9	62
13	56
19	73
4	73
5	66
9	77
8	66
4	64
12	68
12	71
1	60
16	58
12	71
14	72
17	73
14	58
1	79
14	80
19	77
9	75
13	72
7	71
16	67
2	80
6	55
10	55
16	71
13	63
1	58
17	71
3	71
8	61
4	71
7	66
18	64
13	75
20	59
6	57
17	63
6	70
16	66
4	67
19	58
2	72
3	76
14	74
9	72
13	77
17	69
18	66
5	58
8	71
8	61
3	58
12	55
18	78
9	68
12	60
20	66
10	66
8	78
8	60
15	56
12	62
1	76
6	57
20	56
7	80
15	61
18	57
4	59
15	69
8	71
15	70
20	55
14	71
13	76
14	71
3	58
17	71
2	67
20	72
18	73
16	61
3	76
4	73
9	66
7	77
5	77
6	76
18	60
5	70
6	65
5	56
3	63
3	64
16	63
6	75
19	59
2	66
10	64
11	61
15	63
7	59
14	76
16	57
13	59
2	74
16	80
15	61
16	69
17	70
14	58
5	73
10	73
14	73
17	80
16	70
2	72
18	70
7	76
2	69
20	73
6	75
6	68
13	65
4	68
15	56
5	72
17	74
3	57
13	64
15	64
5	77
17	58
4	70
6	76
17	62
16	72
14	72
19	78
19	56
14	62
14	63
2	65
13	67
17	56
19	79
14	73
10	80
3	72
19	65
6	69
7	56
5	79
6	80
16	57
7	75
7	75
1	57
5	65
15	67
11	62
1	73
19	65
8	70
7	61
10	59
12	66
16	74
18	78
1	76
10	65
8	69
7	56
11	74
3	72
5	69
11	76
8	80
14	72
14	61
2	57
18	56
15	75
7	60
15	66
9	58
18	60
3	58
6	66
10	65
10	75
11	61
2	75
12	77
9	74
9	58
8	79
18	62
11	68
8	55
15	77
3	68
12	64
19	65
1	70
16	64
9	80
6	66
17	57
1	73
5	80
17	70
6	71
12	73
17	64
17	55
2	71
3	73
8	77
16	62
20	69
20	78
17	66
4	70
6	57
10	74
3	71
18	70
10	70
18	58
5	61
5	55
5	71
7	67
19	73
15	74
1	69
13	66
16	57
20	59
19	66
6	73
16	79
16	63
8	71
1	63
16	71
19	69
6	64
9	67
8	69
9	73
19	76
13	63
6	70
17	67
17	69
8	62
2	80
8	61
6	58
18	67
13	61
19	67
4	74
10	80
3	71
5	70
11	77
15	55
1	55
2	62
15	79
19	64
10	78
16	71
8	63
18	70
20	66
3	79
2	63
14	58
8	66
7	70
14	67
10	57
16	67
8	73
8	63
4	76
2	78
17	73
13	76
15	73
12	68
1	63
4	80
14	67
19	75
7	71
15	73
17	55
17	75
16	80
16	59
17	74
3	73
18	56
19	67
3	63
16	64
5	69
20	69
12	66
4	62
9	55
20	74
12	61
17	55
15	76
15	70
18	71
14	65
9	66
20	66
11	71
10	71
1	66
3	64
16	63
7	67
4	70
19	60
19	56
6	63
14	60
18	59
6	57
5	76
20	63
5	76
6	68
15	79
11	70
3	63
8	71
1	71
3	75
6	68
5	74
19	70
9	79
6	70
6	78
14	67
13	64
11	69
1	57
10	59
3	77
14	75
15	77
3	57
16	73
14	69
12	59
14	79
5	67
13	74
13	70
7	80
1	59
6	76
5	60
12	56
19	63
13	65
14	78
1	68
9	79
4	70
11	57
12	69
14	57
1	77
20	70
3	72
20	63
20	72
2	55
1	67
9	60
13	66
20	66
18	57
10	66
12	67
7	76
20	57
6	66
16	69
5	60
3	73
1	64
18	63
15	63
7	62
7	61
3	65
14	67
7	58
5	63
8	74
14	71
17	64
16	73
12	59
18	57
10	61
18	74
20	71
1	57
1	67
7	55
12	78
11	61
9	65
19	79
4	72
18	78
7	63
4	59
5	76
5	78
14	65
5	79
6	63
14	79
2	66
2	69
20	75
8	55
13	76
15	69
13	59
15	64
16	76
12	60
12	68
14	69
8	68
9	60
1	69
10	72
8	58
11	62
6	67
11	67
18	56
12	67
8	64
5	77
18	66
9	56
19	65
13	72
11	77
13	67
1	69
10	56
13	62
11	74
12	61
19	77
4	78
7	73
6	68
14	68
4	60
9	69
12	73
20	71
13	64
14	64
14	61
19	67
18	78
2	78
2	80
3	58
9	76
1	67
3	63
11	70
10	62
18	56
10	56
20	55
12	60
10	80
7	74
14	76
7	55
14	64
12	74
18	63
11	68
16	66
16	77
19	66
4	79
20	76
1	73
12	77
15	74
3	57
14	61
11	76
13	64
20	78
4	59
1	64
7	73
16	77
9	55
4	70
12	58
11	79
10	78
7	74
20	64
17	78
8	62
12	59
6	59
9	65
13	73
19	78
10	68
18	55
13	60
2	62
8	59
5	76
20	73
20	65
12	65
19	77
1	77
13	68
4	66
9	62
5	56
4	65
12	71
10	71
12	64
18	74
1	80
3	73
5	60
19	77
16	70
3	77
19	72
4	73
4	70
15	59
18	75
18	57
7	67
15	69
1	75
18	61
5	55
12	60
4	66
12	55
12	74
18	57
13	71
13	74
8	60
14	60
4	80
15	68
10	79
11	64
15	72
15	73
7	68
2	75
5	79
1	77
10	56
16	55
15	80
1	80
15	66
11	66
6	59
20	64
14	77
7	66
16	63
14	75
12	76
3	63
2	76
14	61
10	76
17	67
4	56
9	55
12	78
17	63
14	75
8	78
2	64
7	67
8	71
15	73
6	76
18	72
13	70
15	63
20	64
12	68
2	71
20	63
5	60
18	74
13	74
17	73
9	77
7	74
17	56
14	80
15	64
3	69
7	74
18	61
5	61
16	65
8	74
16	75
7	60
9	78
16	78
13	64
18	56
11	69
8	57
18	56
15	80
17	79
16	59
7	55
17	57
4	58
9	66
12	58
1	67
16	74
1	67
10	76
17	62
12	68
7	55
7	72
20	61
13	78
16	72
2	57
8	79
13	76
2	59
20	60
7	63
7	66
3	69
1	72
19	76
13	77
5	65
13	74
11	73
19	77
19	56
20	72
8	64
18	78
18	68
17	55
3	61
9	75
8	68
4	78
11	61
16	75
7	74
20	64
15	70
3	74
13	62
16	65
19	74
14	80
3	79
10	61
4	79
15	59
10	69
14	76
14	59
9	78
2	78
11	70
10	56
16	72
16	67
9	71
6	66
7	76
5	71
16	78
16	80
20	76
16	78
19	65
17	57
20	69
15	68
2	78
11	66
5	61
7	77
17	61
5	58
20	60
8	76
19	63
2	65
18	77
16	70
7	66
12	62
11	79
5	56
7	74
3	71
8	75
7	61
13	80
14	66
10	75
10	55
18	75
5	65
8	69
4	73
2	63
6	65
11	65
10	55
14	62
17	61
12	65
18	59
2	71
17	64
10	73
9	71
18	68
12	57
18	70
3	69
6	64
1	58
16	70
7	55
17	67
20	67
4	75
10	69
17	75
11	56
4	60
10	65
19	74
6	55
7	55
11	77
3	56
11	66
9	69
1	79
15	67
11	72
3	78
16	72
20	78
10	71
18	76
5	75
6	75
3	63
7	71
20	70
2	64
20	76
20	80
11	55
15	66
18	74
11	69
7	69
4	66
11	71
20	80
12	79
10	70
5	77
7	66
16	57
11	66
20	68
3	79
2	62
10	75
13	65
4	55
14	68
13	74
20	61
14	55
19	60
20	58
12	72
3	69
20	63
3	66
